MOEAD-ZDT1-100Standard Devision are:
0.07019500459025198
0.08294396434272235
0.06145883773385071
0.07020758561487382
0.06190804625487728
0.05713132467019266
0.061065340860065355
0.058005737444336625
0.059599748925148986
0.06610713322746661
0.07034523058465467
0.08624851912066614
0.09109692567631623
0.08816399561742089
0.08868848843435781
0.09634805527254216
0.09563648998765203
0.09885787700989494
0.10190454732784343
0.09568394002486098
0.09850217467551556
0.09966194151906936
0.10060211658449157
0.10031489232535705
0.09992867003050986
0.10357668632610857
0.12013436382222858
0.12155374247646798
0.12109915568974527
0.1344382415354487
0.137129809965485
0.1474784481184084
0.162835782363406
0.17845468045101923
0.1566100409245147
0.17086269231033716
0.18076752066044938
0.18770801242920457
0.19441144866613141
0.27451191035263245
0.30780109430249075
0.315779311724006
0.3299165693735674
0.3345534562440396
0.356021921267405
0.3711927438701525
0.3499235778173414
0.28680960809325345
