MOEAD-ZDT2-100Standard Devision are:
0.06753567545509645
0.060455356423978784
0.07484323883917068
0.07785506417062855
0.07207955334785174
0.07590595068399682
0.07881060359583347
0.0655561153916975
0.06418019143008125
0.059847527414104575
0.05891531683515497
0.06076250508129419
0.052835505786302084
0.0585964463052798
0.06256621378795833
0.058765397274418846
0.06609201551096437
0.07305019571633792
0.07098612464657499
0.07000983849882027
0.07421214892085157
0.07977601601074134
0.08628040759548397
0.0974279490786023
0.10038692966044752
0.10017042970028663
0.10654541346701549
0.11407879055868816
0.12431765701334604
0.1441574755107781
0.14266662965756077
0.17080280818355034
0.12173842937932405
0.1331440926065715
0.1462474470081487
0.16085222094606857
0.16981052172102834
0.1745913642993491
0.1782728193913258
0.22189486301011754
0.2847268714012322
0.31961979681514846
0.3294705415872022
0.33429244948771436
0.3402553733180751
0.3258489836731747
0.26513421133721254
0.2775902884139658
0.28060440858386715
0.29119429436524585
0.2946625979676486
0.3037291966461573
0.31161060020734466
0.343099611849834
0.2856470723476768
