NSGAII-ZDT2-100Standard Devision are:
0.011744940357981296
0.011484874287308409
0.011313141401867798
0.011795269692870024
0.020955505799453877
0.02009195936526553
0.017053055138835385
0.012532710022768581
0.015725168773510687
0.01756620029218199
0.014850440981196271
0.015131046523126626
0.015779535446901756
0.017050334964515506
0.015589395260423857
0.01842616836861516
0.018495474730364492
0.015605876186423052
0.01511495998628479
0.015639558151231903
0.01416755059586628
0.014613123495861973
0.017874584682724137
0.014984587690972022
0.015754867996902577
0.013631092825793643
0.012632948816832912
0.018102026044995036
0.02172757920422493
0.019077805734956904
0.023911340846027848
0.023627006114186274
0.022469475500629908
0.022673401921964053
0.022697279313853815
0.02363711210148661
0.02296154879352385
0.02356871224599757
0.022090286887762392
0.02699503709231182
0.02929861017866306
0.030133062343701573
0.0308662332080193
0.028036115055234668
0.02627027017546565
0.022903510396714018
0.023731346501421533
0.025808437174289316
0.02580815540193669
0.025180635075750055
0.03023058189053214
0.03165648556342857
0.028354926096026634
0.02705294575391599
0.02714112936209395
0.031004672423374898
0.029571391676043668
0.028601927249292752
0.028318650833866088
0.025354536492527183
0.026761472228619507
0.030089071882960092
0.032623831002892886
0.029956506964307558
0.03185666235167097
0.033314384379543316
0.03290007931761945
0.03286728706282209
0.03411186348193174
0.035220704450399994
0.037938588940721114
0.036038103121930155
0.037994795663864
0.03673567846572946
0.034553168739537295
0.03341870037885183
0.03439862112150259
0.03549825506547081
0.035511783995542105
0.034507099498641884
0.02964673563254791
0.027504145662232853
0.02630973895226529
0.023118927256987422
0.022704445578412343
0.022945163079307603
0.02210322973798367
0.022622064006485088
0.02408742667840393
0.024598933465137824
0.02365452924567359
0.019153309773855685
0.01726291001757489
0.013848358152968405
0.01285998004284518
0.008191298723972592
0.008533883861187993
0.00930716682167592
0.005962871913193744
0.005615812094073242
