NSGAII-ZDT1-100Standard Devision are:
0.010612702494835723
0.018258282069916063
0.015414635456223532
0.012140333661318947
0.017207693117778502
0.0191571019205238
0.015728308999139337
0.015536223655836158
0.01673433847341966
0.01904922644288349
0.018198850291547636
0.022218335611123595
0.019195567627020762
0.020549447659324222
0.022625691836740753
0.020694993248916747
0.02073728008473804
0.02007699160534102
0.020259680599308594
0.016413469709288073
0.01735246984918221
0.01772844761511429
0.0195085797218263
0.02070767079653024
0.02057495883176631
0.019542254470667472
0.02035515532369529
0.0209852879860943
0.022907219549953742
0.024411567683349733
0.024688158864423937
0.022143853411237376
0.021332385412975996
0.020364908621814552
0.021723307957820986
0.020508265140327855
0.0186111268793973
0.023911373873988884
0.023653979995964164
0.022578311637216214
0.020358827120627896
0.0202828607815524
0.018478799174660308
0.017070970593341134
0.01899951496933304
0.017174295693274194
0.016411246327525202
0.017910787578395187
0.0203525877763591
0.018745887110265605
0.017856999830947372
0.01592293113514535
0.014661615518398952
0.011893135526910027
0.012694912973487998
0.012257855119304028
0.014438434573554771
0.015376925035184057
0.021141372573001527
0.019841326159110766
0.018643565494299675
0.018362968134952373
0.020084608923666595
0.02069458383195896
0.021298104569467572
0.016751958109356344
0.019294103046551662
0.01994057385036422
0.018216184178024026
0.016202403126957525
0.017870476088107424
0.01579009188227502
0.017193894921492082
0.018219555754232578
0.01851999215055455
0.018839684793474618
0.0173717294098783
0.01898097050656048
0.020927078404679902
0.01843974844133643
0.015622462506027415
0.013110156791381418
0.019050598536908457
0.017875471369430837
0.017718211878721073
0.019409573062654114
0.019923539292688863
0.02106831492685377
0.02054918678062084
0.020880060408094137
0.018992857460364283
0.016681823482291913
0.015121074943017097
0.01452038165694487
0.014165861615325676
0.012409314907278928
0.011349975895872264
0.008698561871394572
0.00809734516377036
0.006434583641442504
